1337
1336
1335
1334
1333
1332
1331
1330
1329
1328
1327
1326
1325
1324
1323
1322
1321
1320
1319
1318
1317
1316
1315
1314
1313
1312
1311
1310
1309
1308
1307
1306
1305
1304
1303
1302
1301
1300
1299
1298
1297
1296
1295
1294
1293
1291
1290
1289
1288
1287
1286
1285
1284
1283
1282
1281
1280
1279
1278
1277
1276
1275
1274
1273
1272
1271
1269
1268
1267
1266
1265
1264
1263
1262
1261
1260
1259
1258
1257
1256
1255
1254
1253
1252
1251
1250
1249
1248
1247
1246
1245
1244
1243
1242
1241
1240
1239
1238
1237
1236
1235
1234
1233
1232
1231
1229
1228
1227
1226
1225
1223
1222
1221
1220
1220
1219
1218
1217
1216
1215
1214
1213
1212
1211
1210
1210
1209
1208
1207
1206
1205
1204
1202
1201
1200
1198
1197
1195
1193
1192
1191
1190
1189
1187
1186
1185
1184
1183
1182
1181
1180
1179
1178
1177
1176
1175
1174
1173
1172
1171
1170
1169
1168
1167
1166
1165
1164
1162
1161
1160
1159
1158
1157
1156
1155
1154
1153
1152
1151
1150
1149
1148
1147
1146
1145
1144
1143
1142
1141
1140
1139
1137
1136
1135
1134
1133
1132
1131
1130
1129
1128
1127
1126
1125
1124
1123
1122
1121
1120
1119
1118
1117
1116
1115
1114
1113
1112
1112
1111
1110
1109
1107
1106
1104
1103
1102
1101
1100
1098
1097
1096
1095
1094
1093
1091
1089
1088
1087
1086
1085
1083
1082
1081
1080
1079
1078
1077
1076
1075
1074
1073
1072
1071
1070
1069
1068
1067
1066
1065
1064
1063
1062
1061
1060
1059
1058
1057
1056
1055
1054
1053
1052
1051
1050
1049
1048
1047
1046
1045
1044
1042
1041
1040
1039
1038
1037
1036
1035
1034
1032
1031
1030
1029
1028
1025
1024
1023
1022
1021
1020
1019
1018
1017
1016
1015
1014
1014
1013
1012
1011
1010
1009
1008
1007
1006
1005
1004
1003
1002
1001
1000
999
998
994
993
993
992
991
990
989
988
987
986
985
984
983
982
981
980
979
978
977
975
974
973
972
971
970
969
969
968
967
966
965
964
964
963
962
961
960
959
958
957
956
955
954
953
952
951
950
949
948
947
946
945
944
943
942
941
940
939
938
937
936
934
933
932
931
930
929
928
927
926
925
924
922
920
919
918
917
916
913
912
911
909
908
907
905
904
903
902
900
898
897
896
895
894
893
892
891
890
889
888
887
886
885
884
882
881
880
878
877
875
874
873
872
871
870
868
867
866
865
863
861
860
859
858
857
856
855
854
853
852
850
849
848
847
846
844
843
842
840
839
838
837
836
835
834
831
830
830
829
828
827
826
825
824
823
822
821
821
820
819
818
817
816
815
814
813
812
811
810
809
808
807
806
802
796
795
791
790
789
789
788
787
786
785
785
784
783
782
782
781
780
779
778
777
776
775
774
773
772
769
768
767
766
764
763
762
762
761
760
759
758
757
755
754
751
750
749
746
745
744
740
739
738
737
736
735
734
734
731
730
729
728
727
726
725
724
723
721
720
719
718
716
715
714
713
712
711
710
709
708
707
706
705
704
703
700
699
698
697
696
694
692
691
691
690
689
688
686
685
684
683
682
681
680
679
678
677
676
674
670
670
669
667
663
661
661
659
658
658
656
655
654
653
652
651
651
650
649
648
647
646
645
643
642
641
639
637
634
633
632
631
630
629
628
627
624
623
622
621
619
618
617
616
615
614
613
612
612
611
611
610
609
606
605
603
601
599
597
596
592
591
590
589
588
586
585
584
583
582
581
580
579
578
577
576
575
575
574
573
572
571
570
569
568
567
565
564
564
563
562
561
559
558
557
556
549
548
546
545
544
544
543
542
541
540
539
538
537
536
535
535
535
534
531
530
530
530
529
527
524
524
523
520
518
517
516
515
515
514
514
513
513
513
512
512
511
511
510
509
507
506
506
505
501
500
500
499
498
497
496
495
495
490
488
487
484
483
483
480
480
479
478
477
477
473
470
469
465
465
465
464
463
462
461
459
459
458
458
455
454
451
450
449
448
448
447
446
445
444
443
442
442
441
440
440
440
439
438
438
437
436
436
435
433
432
431
430
427
427
427
425
419
418
416
414
406
400
399
398
398
397
396
395
394
393
392
391
387
386
379
379
378
378
377
377
377
371
370
369
368
367
366
365
364
363
363
363
361
359
356
356
355
354
354
343
343
343
343
342
341
338
336
336
333
330
329
326
325
324
323
319
318
318
318
318
317
316
299
298
297
297
295
294
290
289
289
289
288
288
287
287
286
286
286
280
280
280
278
273
273
273
272
271
271
270
268
266
265
265
265
260
258
257
253
253
253
250
249
249
248
247
247
221
220
220
220
219
219
214
211
211
211
210
208
208
207
206
206
201
194
194
189
188
179
179
175
175
175
175
173
171
170
170
169
169
169
169
169
168
166
166
166
165
165
165
163
163
163
162
162
161
161
161
143
142
142
140
140
140
140
140
140
136
136
136
136
136
136
136
132
132
132
132
132
131
129
128
128
128
128
126
126
125
120
120
120
120
119
119
117
116
116
116
116
116
116
116
116
116
116
115
115
115
114
114
90
90
76
76
76
76
76
52
52
52
52
52
52
52
52
52
52
52
52
52
52
52
52
49
49
49
49
49
49
49
48
48
48
48
48
48
48
48
48
47
47
47
47
47
47
47
47
47
47
45
45
45
45
45
45
45
45
45
45
45
45
45
45
42
35
33
33
33
33
33
33
28
28
28
28
28
28
28
28
28
28
28
28
28
28
27
27
27
27
27
27
27
27
27
27
27
27
27
27
23
23
23
23
23
23
22
19
19
19
19
19
19
18
18
17
17
17
17
17
17
16
16
16
16
16
16
16
16
16
16
16
16
16
16
16
16
16
16
15
11
11
11
11
11
11
11
11
9
9
9
9
9
9
8
8
8
8
8
8
8
8
8
8
8
8
8
8
7
7
7
7
7
7
7
7
7
7
7
7
7
7
7
7
7
7
7
7
7
7
7
7
7
7
7
7
7
7
7
7
4
4
4
4
4
4
4
4
4
4
4
4
4
4
4
4
4
4
4
4
4
4
4
4
4
4
4
4
4
4
4
4
4
4
4
4
4
4
4
4
4
4
4
4
4
4
4
4
4
4
4
4
4
4
4
4
4
4
4
4
4
4
4
4
4
4
4
4
4
4
4
4
4
4
4
4
4
3
2
2
2
2
2
2
2
2
2
2
2
2
2
2
2
2
2
2
2
2
2
2
2
2
2
2
2
2
2
2
2
2
2
2
2
1
1
1
1
1
1
1
0
