0.00010560001341
0.000204774629178
0.000257295270768
0.000368203221359
0.000466819106898
0.000583314359786
0.000607060394547
0.000829155660845
0.00076825406581
0.00079535248195
0.00086519376066
0.00090849535346
0.00118199380089
0.000923581069661
0.00118953665899
0.00141219065552
0.00111187315706
0.00123088269599
0.00140744144856
0.00181894626272
0.00134989223491
0.00234135902747
0.00157478115235
0.00179380340239
0.00162171449165
0.00204411454528
0.00166194306818
0.00216312408421
0.00176782244671
0.00359710521868
0.00268972732568
0.00280147337162
0.00279784162512
0.00266234954443
0.00309285118639
0.00299283847528
0.00485648315638
0.00550963879487
0.00438603230299
0.00426730212918
0.0045913656624
0.00397536558417
0.00397145447257
0.00451845136742
0.00453633073477
0.00466316249691
0.0040661592465
0.00529648321225
0.00420919418529
0.004677968848
0.00466651487829
0.00471512440827
0.00457320692993
0.00541828640232
0.00508193080405
0.005052597467
0.00568256580096
0.00482407680306
0.00580883883287
0.00632231191394
0.00555489594348
0.00594628646937
0.00673158180718
0.00559512452002
0.00610915633132
0.00630219762568
0.00845079472391
0.00717856599093
0.00684556277404
0.00614463570091
0.0069070230993
0.00590633725795
0.00967357583157
0.00816556294166
0.00862791220672
0.00872233761554
0.00638935954151
0.00938694722374
0.00573536580767
0.00542806418134
0.00629493413269
0.00594544837403
0.00562697214311
0.00525681336594
0.00897125193286
0.00836195661739
0.00607758807334
0.00779121368777
0.0060278610829
0.0161199258565
0.00722773425114
0.00669721989806
0.00689668659006
0.0095461853392
0.0110173220339
0.00626839444678
0.008898617003
0.0104513283113
0.00908802655086
