1239
1238
1237
1235
1234
1232
1231
1230
1229
1228
1225
1224
1223
1221
1220
1219
1218
1217
1216
1215
1214
1213
1212
1211
1210
1209
1208
1207
1206
1205
1204
1204
1203
1202
1202
1201
1199
1198
1197
1196
1195
1194
1193
1192
1191
1190
1189
1188
1187
1183
1182
1182
1181
1180
1180
1170
1169
1168
1167
1166
1165
1164
1163
1162
1161
1160
1158
1157
1157
1154
1152
1151
1144
1143
1142
1141
1140
1139
1134
1134
1133
1132
1131
1130
1128
1128
1128
1121
1119
1118
1116
1115
1115
1114
1113
1112
1111
1110
1109
1105
1104
1103
1102
1102
1101
1099
1098
1064
987
987
987
986
986
985
985
984
983
981
977
976
976
975
974
974
973
972
971
970
969
969
968
967
966
966
948
947
940
940
940
939
937
936
935
934
933
932
931
931
930
929
928
927
926
926
925
924
923
923
922
921
921
921
920
920
918
918
917
916
915
915
914
913
912
909
903
902
901
900
900
899
899
898
897
894
893
892
891
886
885
884
883
877
877
876
872
870
869
868
868
867
866
866
865
864
863
861
855
854
853
847
847
846
844
843
842
841
841
840
839
838
837
836
835
834
833
832
831
831
830
828
827
827
826
826
825
825
823
822
818
817
815
814
813
813
812
811
810
799
798
798
797
792
792
791
790
789
788
787
786
786
785
784
782
780
779
778
778
777
776
775
774
774
774
773
773
770
769
769
768
767
765
765
765
764
763
762
762
761
760
759
756
745
745
744
743
742
742
742
741
740
739
735
734
733
732
731
730
730
729
728
727
726
726
720
719
718
718
718
718
717
716
716
715
714
705
700
699
698
697
696
695
694
693
692
692
691
691
691
689
688
687
687
686
685
685
684
684
683
682
681
681
680
679
679
678
677
677
675
675
674
674
674
674
674
673
673
672
672
671
671
671
671
670
670
670
670
670
670
669
668
667
665
663
662
661
660
658
657
656
655
654
653
652
651
651
651
646
645
643
642
642
641
641
640
639
638
638
637
637
636
635
634
634
632
631
631
631
630
628
628
627
626
625
624
624
623
623
623
620
620
620
619
618
608
608
607
604
601
600
599
598
597
595
594
594
593
593
592
591
591
589
588
587
587
586
585
584
584
582
582
582
580
580
579
578
576
576
575
575
574
573
572
571
571
570
565
565
565
563
562
562
562
562
561
560
559
559
558
556
556
556
555
555
554
553
549
548
548
548
547
546
545
545
545
542
539
536
536
532
532
531
531
531
530
530
529
529
529
528
527
527
527
527
526
524
523
511
510
504
504
504
503
503
502
502
502
500
499
499
499
498
497
496
495
495
495
495
494
493
492
491
491
491
491
491
490
490
490
490
489
487
486
485
484
484
483
483
482
481
481
481
480
479
479
478
478
477
476
469
469
469
468
466
466
465
464
463
462
461
460
459
459
458
457
457
456
455
455
454
454
453
453
452
451
451
450
450
450
449
449
448
447
446
445
444
444
443
443
442
442
441
441
441
440
440
440
439
438
438
438
438
438
437
436
432
431
430
430
429
428
427
427
426
425
425
424
423
423
421
421
421
421
421
421
417
416
415
415
415
414
413
412
412
411
411
407
406
406
405
404
404
403
402
401
401
400
400
400
396
395
394
394
393
391
390
388
385
385
384
384
379
377
376
376
375
375
375
375
374
374
371
370
369
368
368
368
367
367
366
365
364
363
362
362
362
362
361
360
360
359
359
359
357
356
354
354
354
353
352
352
352
351
348
343
343
342
341
340
336
335
334
333
333
328
328
327
326
325
324
320
320
319
318
318
317
316
315
314
314
313
313
312
311
310
309
304
303
302
302
301
301
301
301
300
298
298
294
293
290
290
290
289
289
288
288
286
286
286
285
284
283
282
282
281
281
280
279
279
279
279
278
278
278
278
277
277
276
275
275
275
275
274
273
272
272
268
266
266
266
265
263
262
262
262
262
261
261
261
260
260
260
259
259
259
258
258
251
251
250
250
249
248
248
248
248
247
247
247
246
245
245
245
244
243
239
239
238
238
238
237
237
237
236
235
235
234
233
232
232
230
230
229
229
229
228
225
222
216
212
211
211
210
209
209
209
209
208
208
207
207
207
207
207
206
205
205
205
203
202
202
201
200
200
198
147
147
146
146
145
145
144
143
143
143
143
143
137
137
137
137
137
137
126
126
122
121
120
119
119
119
119
119
119
118
118
118
117
116
115
115
115
115
115
115
115
115
115
114
114
114
114
113
113
113
112
112
112
112
111
111
111
111
111
110
110
110
110
110
103
103
103
93
93
93
93
93
93
92
92
92
92
92
92
92
91
90
90
90
90
90
90
90
90
90
90
89
89
89
88
88
88
88
88
88
87
87
86
86
86
86
85
84
84
83
83
83
83
82
81
81
81
81
80
80
79
79
79
78
78
78
78
77
77
77
75
75
75
75
75
75
75
75
75
75
75
75
75
75
74
74
74
74
74
74
74
74
74
74
74
74
74
74
74
73
73
73
73
73
73
73
73
73
73
73
73
73
72
72
72
72
72
72
72
72
72
72
72
72
72
72
71
71
71
71
70
69
69
69
68
67
66
66
66
66
66
66
66
66
66
65
64
55
54
54
54
53
52
52
52
52
52
51
51
51
51
51
50
50
50
50
49
49
49
49
49
49
49
49
49
49
44
44
44
44
44
43
42
41
36
36
36
36
35
35
34
34
34
34
34
33
33
33
33
32
32
21
21
21
21
21
21
21
19
19
19
19
19
19
19
19
19
19
19
19
12
12
12
12
12
12
12
12
12
12
12
12
12
12
12
12
12
12
12
12
12
12
11
11
11
11
10
8
8
8
8
8
8
8
8
8
8
8
8
8
8
8
8
8
8
8
8
8
8
8
8
8
8
8
8
8
8
8
8
8
8
8
8
8
8
8
8
6
6
6
6
6
6
6
5
5
5
5
5
5
5
5
5
5
5
5
5
5
5
5
5
5
5
5
5
5
4
4
4
4
4
4
4
4
4
4
4
4
4
4
3
3
3
3
3
3
3
3
3
3
3
3
3
3
3
2
2
2
2
2
2
2
2
2
2
2
2
2
2
2
2
2
2
2
2
2
2
2
2
2
2
2
2
2
2
1
1
1
1
1
1
1
1
0
