1337
1336
1335
1334
1333
1332
1331
1330
1329
1327
1326
1325
1322
1321
1320
1319
1318
1317
1316
1315
1314
1313
1312
1311
1310
1309
1308
1307
1306
1305
1304
1303
1302
1300
1299
1298
1297
1295
1294
1293
1292
1291
1290
1289
1288
1287
1286
1285
1284
1283
1282
1281
1280
1279
1278
1277
1276
1275
1274
1273
1272
1270
1269
1268
1267
1264
1263
1261
1260
1259
1258
1257
1256
1255
1254
1253
1251
1250
1249
1248
1247
1246
1245
1244
1243
1242
1241
1240
1239
1238
1237
1236
1235
1234
1233
1232
1231
1230
1229
1228
1227
1226
1225
1224
1223
1221
1220
1219
1218
1217
1215
1214
1213
1212
1210
1209
1208
1206
1205
1202
1201
1200
1199
1198
1197
1196
1195
1194
1193
1192
1191
1190
1188
1187
1185
1184
1183
1181
1180
1179
1176
1175
1174
1173
1172
1171
1170
1167
1166
1165
1164
1163
1161
1160
1159
1158
1157
1156
1155
1153
1151
1150
1149
1148
1147
1145
1144
1141
1140
1137
1135
1134
1133
1131
1130
1129
1128
1127
1124
1121
1120
1119
1118
1117
1116
1115
1113
1112
1111
1109
1107
1106
1103
1102
1101
1100
1095
1094
1093
1091
1089
1088
1086
1084
1083
1082
1081
1080
1079
1078
1076
1074
1071
1069
1068
1067
1066
1065
1064
1062
1061
1059
1055
1054
1051
1050
1049
1048
1047
1046
1045
1044
1043
1041
1040
1039
1038
1037
1036
1035
1033
1032
1031
1029
1027
1024
1020
1017
1016
1015
1014
1013
1012
1011
1010
1009
1006
1003
1002
1001
1000
999
998
994
993
992
991
987
985
984
983
982
981
980
979
978
975
973
971
970
969
968
964
961
959
958
957
955
953
952
948
947
946
944
942
941
939
938
937
936
935
931
929
927
926
924
922
920
919
918
916
915
914
912
911
905
903
902
898
896
895
893
892
891
888
885
882
881
878
875
870
866
863
860
859
858
854
853
852
850
848
845
842
838
837
835
834
830
829
823
822
821
819
816
813
806
796
795
790
787
786
784
783
779
770
767
749
748
746
744
741
738
704
702
697
692
686
683
682
682
680
677
666
660
657
655
647
639
624
612
612
611
607
602
597
594
594
531
531
531
508
497
478
467
445
423
423
420
416
415
415
383
380
380
373
367
362
360
302
301
207
207
207
200
200
200
200
200
200
190
156
156
156
140
140
130
125
125
125
118
118
118
118
118
103
92
92
92
92
92
92
92
92
92
89
79
79
79
79
66
66
66
66
66
66
66
66
66
66
63
46
46
46
46
46
40
40
40
36
36
36
36
36
33
33
33
33
27
27
27
27
27
27
27
27
27
19
13
13
13
13
13
13
13
13
13
13
13
13
13
13
13
13
13
13
13
13
13
13
13
13
13
13
13
13
13
13
13
13
9
9
9
9
9
9
9
9
9
9
9
9
9
9
9
9
9
9
9
9
9
9
9
9
9
9
9
9
9
9
9
9
9
9
9
9
9
9
9
9
9
9
9
9
9
9
9
9
9
9
9
9
8
8
8
8
8
8
8
8
8
8
8
8
8
8
8
8
8
8
8
8
8
8
8
8
8
8
8
8
6
6
6
6
6
6
6
6
6
6
6
6
4
4
4
4
4
4
4
4
4
4
4
4
4
4
4
4
4
4
4
3
3
3
3
3
3
3
3
3
3
3
2
2
2
2
2
2
2
2
2
2
2
2
2
2
2
2
2
2
2
2
2
2
2
2
2
2
2
2
2
2
2
2
2
2
2
2
2
2
2
2
2
2
2
2
2
2
2
2
2
2
2
2
2
2
2
2
2
2
2
2
2
2
2
2
2
2
2
2
2
2
2
2
2
2
2
2
2
2
2
2
2
2
2
2
2
2
2
2
2
2
2
2
2
2
2
2
2
2
2
2
2
2
2
2
2
2
2
2
2
2
2
2
2
2
2
2
2
2
2
2
2
2
2
2
2
2
2
2
2
2
2
2
1
1
1
1
1
1
1
1
1
1
1
1
1
1
1
1
1
1
1
1
1
1
1
1
1
1
1
1
1
1
1
1
1
1
1
1
1
1
1
1
1
1
1
1
1
1
1
1
1
1
1
1
1
1
1
1
1
1
1
1
1
1
1
1
1
1
1
1
1
1
1
1
1
1
1
1
1
1
1
1
1
1
1
1
1
1
1
1
1
1
1
1
1
1
1
1
1
1
1
1
1
1
1
1
1
1
1
1
1
1
1
1
1
1
1
1
1
1
1
1
1
1
1
1
1
1
1
1
1
1
1
1
1
1
1
1
1
1
1
1
1
1
1
1
1
1
1
1
1
1
1
1
1
1
1
1
1
1
1
1
1
1
1
1
1
1
1
1
1
1
1
1
1
1
1
1
1
1
1
1
1
1
1
1
1
1
1
1
1
1
1
1
1
1
1
1
1
1
1
1
1
1
1
1
1
1
1
1
1
1
1
1
1
1
1
1
1
1
1
1
1
1
1
1
1
1
1
1
1
1
1
1
1
1
1
1
1
1
1
1
1
1
1
1
1
1
1
1
1
1
1
1
1
1
1
1
1
1
1
1
1
1
1
1
1
1
1
1
1
1
1
1
1
1
1
1
1
1
1
1
1
1
1
1
1
1
1
1
1
1
1
1
1
1
1
1
1
1
1
1
1
1
1
1
1
1
1
1
1
1
1
1
1
1
1
1
1
1
1
1
1
1
1
1
1
1
1
1
1
1
1
1
1
1
1
1
1
1
1
1
1
1
1
1
1
1
1
1
1
1
1
1
1
1
1
1
1
1
1
1
1
1
1
1
1
1
1
1
1
1
1
1
1
1
1
1
1
1
1
1
1
1
1
1
1
1
1
1
1
1
1
1
1
1
1
1
1
1
1
1
1
1
1
1
1
1
1
1
1
1
1
1
1
1
1
1
1
1
1
1
1
1
1
1
1
1
1
1
1
1
1
1
1
1
1
1
1
1
1
1
1
1
1
1
1
1
1
1
1
1
1
1
1
1
1
1
1
1
1
1
1
1
1
1
1
1
1
1
1
1
1
1
1
1
1
1
1
1
1
1
1
1
1
1
1
1
1
1
1
1
1
1
1
1
1
1
1
1
1
1
1
1
1
1
1
1
1
1
1
1
1
1
1
1
1
1
1
1
1
1
1
1
1
1
1
1
1
1
1
1
1
1
1
1
1
1
1
1
1
1
1
1
1
1
1
1
1
1
1
1
1
1
1
1
1
1
1
1
1
1
1
1
1
1
0
