6.25777857242e-05
0.00013912382719
0.000242209554566
0.000362615919062
0.000507327048549
0.000775238193681
0.00114791125688
0.00104957473645
0.00160104147315
0.00159433671039
0.00183012086732
0.00208825423343
0.002447238406
0.00273610193474
0.00313335912805
0.00353145441669
0.00388680684277
0.00459695296469
0.00528474987743
0.00519591177091
0.00605244521301
0.00654887702208
0.00657513734287
0.00738110569919
0.0076730422442
0.00857203918375
0.00928022974987
0.00960596947377
0.0119422999292
0.0111592395123
0.0122202682184
0.0120096269219
0.0133109096268
0.0139283065306
0.016198986184
0.0164886878081
0.0174027704638
0.0179740721237
0.0189797865371
0.0196335009058
0.021093462996
0.0218497043619
0.0227875330524
0.0240762443271
0.0245754697874
0.0268592796012
0.0272406129829
0.0275208161931
0.0287156607893
0.0298275339464
0.0318518135685
0.0331776804035
0.034244296412
0.034818391723
0.0362934395293
0.0387429128562
0.0407129956461
0.0407462400948
0.0417343545059
0.0441852246584
0.0452300501879
0.0464031043052
0.0462505709525
0.0516984700569
0.0513953589073
0.0555693530882
0.0539051750991
0.0547706482248
0.0569826612041
0.0594569980263
0.0613776331908
0.0619779888226
0.0662668020656
0.0642500653016
0.0658416083608
0.0664271576415
0.0680762499144
0.0733068029596
0.0734202251962
0.0756629683382
0.0784105242426
0.0777565305088
0.0823914771291
0.0814447087549
0.0852792743212
0.0850175092086
0.0888959350979
0.0875147539701
0.0941524690987
0.093457408693
0.095259872414
0.097493117142
0.099256749112
0.101196381104
0.106895988177
0.10671970879
0.109287912291
0.108378578842
0.115622795635
