1347
1346
1345
1344
1343
1342
1341
1340
1339
1338
1337
1336
1335
1334
1333
1332
1331
1330
1329
1328
1327
1326
1325
1324
1323
1322
1321
1320
1319
1318
1317
1316
1315
1314
1313
1312
1311
1310
1309
1308
1307
1306
1305
1304
1303
1302
1301
1300
1299
1298
1297
1296
1295
1294
1293
1292
1291
1290
1289
1288
1287
1286
1285
1284
1283
1282
1281
1280
1279
1278
1277
1276
1275
1274
1273
1271
1270
1269
1267
1266
1265
1264
1263
1262
1261
1260
1259
1258
1257
1256
1255
1254
1253
1252
1251
1250
1249
1248
1247
1246
1245
1244
1243
1242
1241
1240
1239
1238
1236
1235
1234
1233
1232
1231
1230
1229
1228
1227
1226
1225
1224
1223
1222
1221
1219
1217
1215
1214
1213
1211
1210
1209
1208
1207
1206
1205
1204
1202
1201
1200
1199
1196
1195
1194
1193
1192
1191
1190
1188
1187
1185
1184
1183
1182
1181
1179
1177
1176
1175
1174
1173
1172
1171
1170
1169
1168
1167
1166
1165
1164
1163
1162
1161
1160
1159
1158
1157
1156
1155
1153
1152
1151
1150
1149
1148
1147
1146
1145
1144
1143
1142
1141
1140
1139
1138
1137
1136
1135
1134
1133
1132
1131
1130
1129
1128
1127
1126
1125
1124
1123
1122
1121
1121
1120
1119
1118
1117
1116
1115
1114
1112
1111
1110
1108
1107
1106
1105
1104
1103
1102
1101
1100
1099
1099
1098
1097
1096
1095
1094
1093
1092
1091
1090
1088
1087
1086
1085
1083
1081
1080
1079
1078
1074
1073
1072
1070
1069
1068
1067
1062
1061
1060
1059
1058
1057
1056
1055
1055
1054
1053
1050
1049
1048
1047
1046
1045
1044
1043
1042
1041
1040
1039
1038
1037
1036
1035
1033
1032
1031
1029
1028
1027
1026
1025
1024
1023
1022
1021
1021
1020
1019
1016
1013
1012
1011
1010
1007
1006
1005
1004
1003
1001
1000
998
996
994
993
992
991
990
989
988
986
985
984
983
982
981
980
979
978
975
974
973
972
971
971
967
966
964
963
962
961
960
959
958
957
951
949
947
945
944
942
941
936
936
935
934
933
933
932
931
930
929
928
927
925
923
922
921
920
919
918
917
916
915
914
913
913
913
912
911
909
908
907
906
905
902
901
900
899
898
898
897
894
893
892
891
890
889
887
886
886
885
883
882
882
881
880
880
879
878
877
873
873
872
871
868
867
867
865
864
863
862
861
860
858
857
856
854
853
852
851
851
850
850
849
847
843
841
839
839
838
837
836
834
833
832
831
825
824
823
821
820
819
818
817
816
815
815
814
813
813
812
811
809
809
808
807
806
805
803
802
801
800
799
798
798
797
796
795
793
792
791
789
788
787
786
782
781
780
778
777
776
775
772
771
767
765
764
764
762
762
761
760
758
757
756
753
752
752
750
749
748
747
746
745
744
743
742
741
741
740
739
738
738
737
736
736
735
734
733
732
730
729
728
728
727
726
724
723
722
721
720
719
716
715
713
712
711
710
709
708
707
707
704
702
702
701
701
700
699
698
697
696
695
694
692
691
691
690
690
689
689
688
687
686
685
680
679
678
677
674
673
671
671
669
669
668
662
660
659
658
658
657
656
655
654
650
649
648
646
645
638
635
633
632
631
631
630
629
629
626
625
624
622
621
620
619
618
617
616
615
614
612
611
611
608
607
605
604
603
602
601
600
599
598
598
597
597
597
597
596
595
593
592
591
590
589
588
588
585
583
581
578
574
571
570
569
568
567
566
566
566
566
561
560
553
552
551
550
549
548
545
544
540
531
530
527
526
525
523
522
520
519
517
517
516
516
515
513
512
509
508
506
505
504
503
502
501
500
500
496
494
491
488
486
485
483
482
482
481
481
478
478
473
472
472
472
471
469
468
467
466
466
466
465
465
465
464
464
463
463
461
461
459
458
458
457
456
455
454
447
447
446
446
446
444
443
442
432
431
430
429
428
428
428
418
418
414
413
413
411
408
407
406
405
405
401
399
399
398
397
396
395
394
382
381
380
377
372
371
370
369
369
369
369
367
366
365
364
363
363
363
361
359
358
358
354
354
343
343
341
341
340
339
339
338
334
333
333
332
332
328
328
328
328
326
326
326
326
325
324
323
321
319
318
318
318
317
316
316
314
314
313
313
312
312
312
312
311
311
311
305
301
301
300
296
295
294
293
292
292
289
289
286
273
272
271
267
266
265
264
263
262
262
260
256
256
255
254
253
252
250
250
250
250
245
244
243
243
243
243
243
242
242
242
241
241
241
240
236
235
235
234
233
233
218
218
218
218
218
217
216
215
215
215
215
212
211
211
210
209
209
208
206
206
206
206
206
206
205
205
204
203
202
202
202
197
197
197
197
196
184
181
181
175
175
175
174
173
173
145
143
140
139
138
128
128
128
127
127
127
127
127
125
125
125
124
124
124
124
124
124
124
124
124
124
124
121
119
119
119
119
119
119
119
119
119
119
119
107
107
107
97
97
96
96
96
96
96
96
96
96
96
96
96
96
96
96
96
96
96
61
61
61
61
61
61
60
60
60
60
60
60
60
60
60
60
60
60
59
59
59
59
59
58
58
58
58
58
58
58
58
58
58
58
57
57
54
54
54
53
53
53
53
53
53
53
53
52
52
51
51
51
51
51
51
51
51
51
51
51
50
50
50
49
49
49
48
48
48
48
46
46
46
46
46
46
45
45
45
45
45
45
45
45
45
45
45
45
45
45
45
45
45
45
45
45
45
40
39
39
39
39
39
39
33
33
33
33
33
33
33
32
32
32
32
32
23
23
23
23
23
23
23
23
23
23
23
23
23
23
23
23
23
23
23
22
22
22
22
21
21
21
21
21
21
21
21
21
21
21
21
21
21
21
21
21
21
19
19
18
18
18
18
18
18
18
18
18
18
18
18
18
18
18
18
18
18
18
18
18
18
18
18
18
18
18
18
18
18
18
18
18
18
18
18
18
18
18
18
18
18
18
18
18
18
18
18
17
17
17
16
16
16
12
12
11
11
11
11
11
11
11
11
11
11
10
10
9
9
9
8
4
4
4
4
4
4
4
4
4
4
4
4
4
4
4
4
4
4
4
4
4
4
4
4
4
4
4
4
4
4
4
3
2
2
2
2
2
2
2
2
2
2
2
2
2
2
2
2
2
2
2
2
2
2
2
2
2
2
2
1
1
1
1
1
1
1
1
1
1
1
1
1
1
1
1
1
1
1
1
1
1
1
1
1
1
1
1
1
1
1
1
1
1
1
1
1
1
1
1
1
1
1
1
1
1
1
1
1
1
1
1
1
1
0
